image_width: 640
image_height: 480
camera_name: rgb_A00364A09067048A
camera_matrix:
  rows: 3
  cols: 3
  data: [528.657995, 0.000000, 317.646676, 0.000000, 527.824350, 263.591842, 0.000000, 0.000000, 1.000000]
distortion_model: plumb_bob
distortion_coefficients:
  rows: 1
  cols: 5
  data: [0.168871, -0.282015, -0.001648, 0.001066, 0.000000]
rectification_matrix:
  rows: 3
  cols: 3
  data: [1.000000, 0.000000, 0.000000, 0.000000, 1.000000, 0.000000, 0.000000, 0.000000, 1.000000]
projection_matrix:
  rows: 3
  cols: 4
  data: [540.865601, 0.000000, 317.704754, 0.000000, 0.000000, 540.382202, 262.401703, 0.000000, 0.000000, 0.000000, 1.000000, 0.000000]
